6000027
6000028
6000029
6000030
6000031
6000032
6000033
6000034
6000041
6000042
6000043
6000044
6000045
6000046
6000047
6000048
6000049
6000050
6000051
6000052
6000064
6000065
6000066
6000069
6000070
6000071
6000072
6000073
6000074
6000075
6000076
6000077
6000078
6000079
6000080
6000081
6000082
6000083
6000084
6000085
6000086
6000087
6000088
6000089
6000090
6000091
6000092
6000093
6000094
6000109
6000110
6000111
6000112
6000113
6000114
6000115
6000116
6000117
6000118
6000119
6000120
6000146
6000147
6000148
6000149
6000150
6000151
6000152
6000153
6000154
6000155
6000156
6000223
6000230
6000231
6000232
6000233
6000234
6000235
6000236
6000237
6000238
6000239
6000240
6000246
6000314
6000507
6000508
6000509
6000510
6000511
6000512
6000513
6000514
6000515
6000516
6000517
6000518
6000519
6000520
6000534
6000535
6000536
6000539
6000561
6000727
6000735
6000737
6000738
6000841
6000846
6000847
6000865
6000871
6000872
6000909
6000910
6000917
6000918
6000943
6000944
6000953
6000954
6000971
6000972
6001098
6001099
6001100
6001838
6006286
6006708
6100022
6100023
6100025
6100026
6100027
6100028
6100029
6100030
6100031
6100032
6100033
6100034
6100035
6100036
6100037
6100038
6100039
6100040
6100041
6100103
6100104
6100105
6100106
6100107
6100108
6100109
6100610
6300021
6300022
6300023
6300024
6300025
6300031
6300038
6300039
6300040
6300041
6300042
6300060
6300069
6300070
6300086
6300087
6300088
6300091
6300109
6300120
6300125
6400002
6400003
6400004
6400005
6400006
6400007
6400008
6400009
6400010
6400011
6400012
6400013
6400014
6400015
6400016
6400017
6400018
6400019
6400020
6400021
6400022
6400025
6400026
6400027
6400028
6400029
6400030
6400044
6400045
6400046
6400047
6400048
6400049
6400050
6400052
6400053
6400059
6400060
6400061
6400062
6400063
6400064
6400065
6400066
6400067
6400068
6400069
6400070
6400072
6400073
6400074
6400076
6400077
6400078
6400079
6400080
6400081
6400082
6400083
6400084
6400085
6400086
6400087
6400088
6400089
6400094
6400095
6400096
6400097
6400098
6400099
6400100
6400101
6400102
6400103
6400104
6400105
6400106
6400112
6400120
6400121
6400122
6400123
6400124
6400129
6400130
6400146
6400147
6400148
6400149
6400153
6400154
6400155
6400156
6400157
6400158
6400160
6400162
6400164
6400165
6400166
6400167
6400173
6400174
6400175
6400176
6400177
6400178
6400179
6400180
6400181
6400182
6400183
6400184
6400185
6400186
6400193
6400194
6400195
6400196
6400197
6400198
6400199
6400200
6400201
6400203
6400207
6400208
6400209
6400210
6400211
6400212
6400213
6400214
6400215
6400216
6400217
6400218
6400219
6400220
6400232
6400233
6400234
6400235
6400236
6400237
6400238
6400239
6400240
6400241
6400242
6400243
6400244
6400247
6400248
6400249
6400250
6400251
6400252
6400253
6400254
6400255
6400256
6400271
6400275
6400292
6400324
6400325
6400364
6400365
6400380
6400381
6400448
6500051
6600372
6600501
6600515
6600731
6610024
6700024
6700025
